B
I 1 1 0 0 1 1 0 2 1 1 0 4 1 1 2 2 1 1 0 9
I 1 1 0 0 1 1 0 2 1 1 0 4 1 1 2 2 1 1 9 0
I 1 1 0 0 1 1 0 2 1 1 0 4 1 1 2 2 2 1 0 7
I 1 1 0 0 1 1 0 2 1 1 0 4 1 1 2 2 2 2 7 0
Q
Q
Q
I 1 1 0 0 1 1 0 2 1 1 0 4 1 1 2 2 3 1 0 0
I 1 1 0 0 1 1 0 2 1 1 0 4 1 1 2 2 3 1 8 1
I 1 1 0 0 1 1 0 2 1 1 0 4 1 1 2 2 3 2 9 0
I 1 1 0 0 1 1 0 2 1 1 0 4 1 1 2 2 3 2 0 8
I 1 1 0 0 1 1 0 2 1 1 0 4 1 1 2 2 3 3 0 0
I 1 1 0 0 1 1 0 2 1 1 0 4 1 1 2 2 3 3 8 1
I 1 1 0 0 1 1 0 2 1 1 0 4 1 1 2 2 3 4 9 0
I 1 1 0 0 1 1 0 2 1 1 0 4 1 1 2 2 3 4 0 8
Q
Q
Q
I 1 1 0 0 1 1 0 2 1 1 0 4 1 1 2 2 4 1 0 8
I 1 1 0 0 1 1 0 2 1 1 0 4 1 1 2 2 4 1 9 0
I 1 1 0 0 1 1 0 2 1 1 0 4 1 1 2 2 4 2 0 9
I 1 1 0 0 1 1 0 2 1 1 0 4 1 1 2 2 4 2 8 0
I 1 1 0 0 1 1 0 2 1 1 0 4 1 1 2 2 4 3 0 8
I 1 1 0 0 1 1 0 2 1 1 0 4 1 1 2 2 4 3 9 0
I 1 1 0 0 1 1 0 2 1 1 0 4 1 1 2 2 4 4 8 1
I 1 1 0 0 1 1 0 2 1 1 0 4 1 1 2 2 4 4 0 0
Q
Q
Q
I 1 1 0 0 1 1 0 2 1 1 0 4 1 1 2 2 5 1 0 9
I 1 1 0 0 1 1 0 2 1 1 0 4 1 1 2 2 5 1 9 0
I 1 1 0 0 1 1 0 2 1 1 0 4 1 1 2 2 5 2 0 9
I 1 1 0 0 1 1 0 2 1 1 0 4 1 1 2 2 5 2 9 0
I 1 1 0 0 1 1 0 2 1 1 0 4 1 1 2 2 5 2 0 0
I 1 1 0 0 1 1 0 2 1 1 0 4 1 1 2 2 5 3 0 9
I 1 1 0 0 1 1 0 2 1 1 0 4 1 1 2 2 5 3 9 0
I 1 1 0 0 1 1 0 2 1 1 0 4 1 1 2 2 5 4 0 9 
I 1 1 0 0 1 1 0 2 1 1 0 4 1 1 2 2 5 4 9 0
I 1 1 0 0 1 1 0 2 1 1 0 4 1 1 2 2 5 4 0 0
Q
Q
Q
I 1 1 0 0 1 1 0 2 1 1 0 4 1 1 2 2 6 1 9 0
I 1 1 0 0 1 1 0 2 1 1 0 4 1 1 2 2 6 1 0 1
I 1 1 0 0 1 1 0 2 1 1 0 4 1 1 2 2 6 2 8 0
I 1 1 0 0 1 1 0 2 1 1 0 4 1 1 2 2 6 2 0 9
I 1 1 0 0 1 1 0 2 1 1 0 4 1 1 2 2 6 3 9 0
I 1 1 0 0 1 1 0 2 1 1 0 4 1 1 2 2 6 3 0 8
I 1 1 0 0 1 1 0 2 1 1 0 4 1 1 2 2 6 4 8 0
I 1 1 0 0 1 1 0 2 1 1 0 4 1 1 2 2 6 4 0 9
Q
Q
Q
I 1 1 0 0 1 1 0 2 1 1 0 4 1 1 2 2 7 1 0 9
I 1 1 0 0 1 1 0 2 1 1 0 4 1 1 2 2 7 1 8 0
I 1 1 0 0 1 1 0 2 1 1 0 4 1 1 2 2 7 2 9 0
I 1 1 0 0 1 1 0 2 1 1 0 4 1 1 2 2 7 2 0 0
I 1 1 0 0 1 1 0 2 1 1 0 4 1 1 2 2 7 2 0 9
I 1 1 0 0 1 1 0 2 1 1 0 4 1 1 2 2 7 3 8 0
I 1 1 0 0 1 1 0 2 1 1 0 4 1 1 2 2 7 3 0 0
I 1 1 0 0 1 1 0 2 1 1 0 4 1 1 2 2 7 4 0 8
I 1 1 0 0 1 1 0 2 1 1 0 4 1 1 2 2 7 4 9 0
F